id,time,amount
1,0,0
2,0,0
3,0,0
4,0,0
5,0,150
6,0,150
7,0,150
8,0,150
9,0,0
10,0,0
11,0,0
12,0,150
13,0,150
14,0,150
15,0,150
16,0,0
17,0,0
18,0,0
19,0,150
20,0,150
21,0,150
22,0,150
23,0,0
24,0,0
25,0,0
26,0,150
27,0,150
28,0,150
29,0,150
30,0,0
31,0,0
32,0,0
33,0,150
34,0,150
35,0,150
36,0,150
37,0,0
38,0,0
39,0,0
40,0,0
41,0,150
42,0,150
43,0,150
44,0,0
45,0,0
46,0,0
47,0,0
48,0,150
49,0,150
50,0,150
51,0,0
52,0,0
53,0,0
54,0,0
55,0,150
56,0,150
57,0,150
58,0,0
59,0,0
60,0,0
61,0,0
62,0,150
63,0,150
64,0,150
