id,time
1,0
1,2.18
1,4.41
1,8.65
1,10.42
1,11.44
1,16.11
1,19.02
1,22.1
2,0
2,1.83
2,4.07
2,7.25
2,9.949999999999999
2,11.77
2,14.99
2,17.9
2,26.13
3,0
3,2.17
3,3.53
3,7.12
3,10.7
3,11.97
3,15.7
3,18.5
3,29.48
4,0
4,2.4
4,4.03
4,6.57
4,8.6
4,11.26
4,16.37
4,22.13
4,24.61
5,0
5,2.14
5,3.39
5,6.75
5,9.69
5,9.880000000000001
5,17.54
5,18.79
5,23.21
6,0
6,2.13
6,3.96
6,7.37
6,10.41
6,14.17
6,16.45
6,21.04
6,24.85
7,0
7,2.02
7,4.71
7,6.41
7,10.12
7,13.75
7,15.63
7,18
7,22
8,0
8,1.84
8,3.9
8,6.72
8,9.82
8,12.5
8,17.03
8,23.65
8,23.84
9,0
9,2.32
9,4.74
9,7.03
9,9.67
9,10
9,18.39
9,18.43
9,21.45
10,0
10,2.05
10,3.99
10,5.33
10,9.9
10,13.23
10,16.68
10,21.91
10,29.27
11,0
11,1.9
11,4.29
11,6.86
11,9.02
11,9.48
11,14.79
11,21
11,29.81
12,0
12,2.13
12,3.63
12,7.11
12,8.119999999999999
12,12.6
12,17.15
12,20.37
12,25.74
13,0
13,2.16
13,4.81
13,7.82
13,10.03
13,10.73
13,16.68
13,19.22
13,27.87
14,0
14,1.92
14,4.17
14,6.89
14,9.41
14,11.64
14,17.04
14,21.87
14,25.64
15,0
15,2.25
15,4.12
15,6.55
15,12.84
15,13.39
15,14.94
15,20.38
15,23.23
16,0
16,1.82
16,4.05
16,7.23
16,8.68
16,8.98
16,15.6
16,20.06
16,25.47
17,0
17,2.08
17,3.58
17,7.52
17,10.75
17,12.31
17,18.33
17,20.83
17,24.64
18,0
18,2.09
18,4.45
18,7.32
18,10.69
18,10.71
18,15.42
18,21.24
18,23.18
19,0
19,2.08
19,4.41
19,6.76
19,10.06
19,10.16
19,16.55
19,18.71
19,23.43
20,0
20,2.08
20,4.28
20,6.79
20,12
20,12.83
20,17.59
20,22.49
20,24.55
21,0
21,2.21
21,4
21,7.23
21,9.039999999999999
21,12.58
21,14.92
21,21.7
21,22.13
22,0
22,1.84
22,3.9
22,5.99
22,10.13
22,13.24
22,16.3
22,16.76
22,22.56
23,0
23,2.4
23,3.56
23,6.75
23,10.36
23,12.39
23,15.1
23,18.18
23,23.57
24,0
24,2
24,3.75
24,6.66
24,11.48
24,11.75
24,17.27
24,23.17
24,25.09
25,0
25,1.99
25,3.81
25,7.91
25,9.85
25,14.01
25,15.13
25,18.75
25,24.35
26,0
26,1.9
26,3.41
26,7.02
26,9.31
26,13.37
26,14.55
26,22.38
26,22.49
27,0
27,2.19
27,3.8
27,7.4
27,9.91
27,10.71
27,15.57
27,23.49
27,23.52
28,0
28,1.99
28,4.13
28,7.7
28,11.21
28,12.12
28,17.98
28,18.53
28,18.98
29,0
29,1.9
29,3.17
29,7.41
29,9.25
29,11.73
29,13.65
29,21.13
29,29
30,0
30,1.98
30,4.86
30,7.69
30,11.99
30,12.11
30,15.76
30,19.01
30,27.7
31,0
31,2.06
31,3.98
31,8.77
31,9.41
31,10.32
31,16.38
31,19.92
31,22.07
32,0
32,1.95
32,3.74
32,7.36
32,9.67
32,9.99
32,12.27
32,18.87
32,27.76
33,0
33,2.26
33,4.41
33,7.22
33,8.6
33,12.25
33,14.24
33,18.77
33,22.2
34,0
34,2.11
34,4.33
34,7.33
34,10.55
34,12.02
34,14.6
34,17.69
34,24.09
35,0
35,1.83
35,4.17
35,7.11
35,10.73
35,11.58
35,15.19
35,19.85
35,20.85
36,0
36,1.86
36,3.23
36,6.8
36,9.48
36,13.44
36,15.06
36,21.15
36,24.34
37,0
37,2.08
37,3.96
37,7.12
37,10.68
37,12.14
37,18.75
37,20.23
37,21.17
38,0
38,1.77
38,3.3
38,6.46
38,9.279999999999999
38,11.29
38,18.79
38,23.55
38,25.81
39,0
39,2
39,4.2
39,6.9
39,10.17
39,10.92
39,14.07
39,23.02
39,24.65
40,0
40,2.07
40,4.92
40,7.26
40,11.52
40,13.76
40,15.36
40,21.58
40,22.49
41,0
41,1.77
41,3.94
41,8.380000000000001
41,10.11
41,11.07
41,16.37
41,21.08
41,21.45
42,0
42,1.65
42,3.52
42,6.41
42,9.710000000000001
42,13.82
42,17.49
42,20.55
42,22.68
43,0
43,2.11
43,3.8
43,7.78
43,10.68
43,11.16
43,14.85
43,20.27
43,22.57
44,0
44,2.05
44,5.33
44,5.51
44,9.19
44,12.84
44,18.92
44,20.81
44,21.75
45,0
45,1.68
45,3.58
45,6.97
45,12.49
45,12.62
45,17.21
45,23.77
45,26.48
46,0
46,2.15
46,3.96
46,8.369999999999999
46,9.76
46,10.3
46,16.81
46,20.72
46,23.96
47,0
47,1.84
47,3.99
47,7.77
47,9.640000000000001
47,11
47,12.21
47,21.01
47,25.05
48,0
48,2.32
48,3.94
48,7.97
48,10
48,11.22
48,14.7
48,19.32
48,24.55
49,0
49,2.04
49,4.08
49,7.52
49,9.73
49,14.13
49,16.72
49,17.75
49,23.35
50,0
50,1.92
50,4.14
50,7.31
50,11.24
50,11.39
50,15.97
50,18.9
50,21.44
51,0
51,2.04
51,4.25
51,7.46
51,8.699999999999999
51,10.72
51,14.27
51,18.67
51,24.41
52,0
52,1.84
52,3
52,7.7
52,10.63
52,11.19
52,14.37
52,19.41
52,24.26
53,0
53,2.3
53,3.67
53,7.21
53,10.97
53,11.43
53,15.65
53,16.75
53,24.7
54,0
54,1.82
54,3.7
54,7.32
54,8.06
54,11.5
54,14.46
54,18.17
54,25.17
55,0
55,1.98
55,4.22
55,6.59
55,8.17
55,13.47
55,15.64
55,19.28
55,24.38
56,0
56,2.09
56,4.39
56,7.03
56,9.51
56,11.64
56,17.37
56,18.37
56,21.82
57,0
57,2.13
57,3.38
57,7.57
57,10.01
57,11.78
57,17.87
57,21.4
57,23.19
58,0
58,1.88
58,4.05
58,7.34
58,10.13
58,10.37
58,15.21
58,23.33
58,24.42
59,0
59,1.87
59,4.45
59,7.25
59,9.140000000000001
59,12.01
59,16.98
59,21.97
59,23.76
60,0
60,2.21
60,3.82
60,8.1
60,10.17
60,11.1
60,16.69
60,17.35
60,20.73
61,0
61,2.01
61,3.99
61,7.94
61,10.3
61,11.22
61,16.19
61,19
61,23.84
62,0
62,1.98
62,4.04
62,6.53
62,10.04
62,11.25
62,15
62,19.6
62,25.21
63,0
63,2.04
63,4.41
63,6.8
63,9.9
63,12.63
63,14.11
63,21.12
63,22.75
64,0
64,1.68
64,3.72
64,6.23
64,8.890000000000001
64,14.12
64,14.17
64,22.1
64,25.34
